data;
param node_num := 11;
param edge_num := 15;
param endpoint : 0 1 :=
	0 0 1 
	1 0 2 
	2 0 4 
	3 0 5 
	4 1 6 
	5 2 3 
	6 3 6 
	7 4 5 
	8 5 7 
	9 5 9 
	10 6 8 
	11 6 10 
	12 7 8 
	13 7 10 
	14 8 9 ;
param flow :=
	0 720120.0
	1 571524.0
	2 399220.0
	3 127214.5
	4 55395.0
	5 362482.5
	6 80251.875
	7 91201.5
	8 84479.375
	9 14612.0625
	10 16524.0625
	11 18520.96875
	12 33695.0
	13 6956.875
	14 27771.25;
param source_num := 1;
param sink_num := 2;
param sources :=
	0 0;
param sinks :=
	0 9
	1 10;
